10000000000000000
10000000000000000
10000000000000000
10000000000000000
10000000000000000
10000000000000000
10000000000000000
10000000000000000
10000000000000000
10000000000000000
10000000000000000
10000000000000000
10000000000000000
10000000000000000
10000000000000000
10000000000000000
10000000000000000
10000000000000000
10000000000000000
10000000000000000
10000000000000000
10000000000000000
10000000000000000
10000000000000000
10000000000000000
10000000000000000
10000000000000000
10000000000000000
10000000000000000
10000000000000000
10000000000000000
10000000000000000
10000000000000000
10000000000000000
10000000000000000
1000A5B5A0004000A
10000000000000000
10000000000000000
10000000000000000
10000000000000000
10000000000000000
10000000000000000
10000000000000000
10000000000000000
10000000000000000
10000000000000000
10000000000000000
10000000000000000
10000000000000000
10000000000000000
10000000000000000
10000000000000000
10000000000000000
10000000000000000
10000000000000000
10000000000000000
10000000000000000
10000000000000000
10000000000000000
10000000000000000
10000000000000000
10000000000000000
10000000000000000
10000000000000000
10000000000000000
10000000000000000
10000000000000000
10000000000000000
10000000000000000
10000000000000000
10000000000000000
10000000000000000
10000000000000000
10000000000000000
10000000000000000
10000000000000000
10000000000000000
10000000000000000
10000000000000000
10000000000000000
10000000000000000
10000000000000000
10000000000000000
10000000000000000
10000000000000000
10000000000000000
10000000000000000
10000000000000000
10000000000000000
10000000000000000
10000000000000000
10000000000000000
10000000000000000
10000000000000000
10000000000000000
10000000000000000
10004001100000000
10000000000018BDE
10000000000000000
10000000000000000
10000000000000000
10000000000000000
10000000000000000
10000000000000000
10000000000000000
10000000000000000
10000000000000000
10000000000000000
