00000000000000000
00000000000000000
00000000000000000
00000000000000000
00000000000000000
00000000000000000
00000000000000000
00000000000000000
00000000000000000
00000000000000000
00000000000000000
00000000000000000
00000000000000000
00000000000000000
00000000000000000
00000000000000000
00000000000000000
00000000000000000
100000000FE400000
10000000000000000
10000000000000000
10000000000000000
10000000000000000
10000000000000000
10000000000000000
10000000000000000
10000000000000000
10000000000000000
10000000000000000
10000000000000000
10000000000000000
10000000000000000
10000000000000000
10000000000000000
10000000000000000
10000000000000000
10007000E00000000
10007000800008762
100060006000F4427
1000FFC5B00000000
10000000000000000
10000000000000000
10000000000000000
10000000000000000
10000000000000000
10000000000000000
10000000000000000
10000000000000000
10000000000000000
10000000000000000
10000000000000000
10000000000000000
10000000000000000
10000000000000000
10000000000000000
10000000000000000
10000000000000000
10000000000000000
10000000000000000
10000000000000000
10000000000000000
10000000000000000
10000000000000000
10000000000000000
10000000000000000
10000000000000000
10000000000000000
10000000000000000
10000000000000000
10000000000000000
10000000000000000
10000000000000000
100000000F8800000
10000000000000000
10000000000000000
10000000000000000
10000000000000000
10000000000000000
10000000000000000
10000000000000000
10000000000000000
10000000000000000
10000000000000000
10000000000000000
10000000000000000
10000000000000000
10000000000000000
10000000000000000
10000000000000000
10000000000000000
10007003B00000000
100070009000E747C
100000000000140B4
10000000000000000
10000000000000000
10000000000000000
10000000000000000
10000000000000000
10000000000000000
10000000000000000
10000000000000000
10000000000000000
10000000000000000
10000000000000000
10000000000000000
10000000000000000
10000000000000000
10000000000000000
