00000000000000000
00000000000000000
00000000000000000
00000000000000000
00000000000000000
00000000000000000
00000000000000000
00000000000000000
00000000000000000
00000000000000000
00000000000000000
00000000000000000
00000000000000000
00000000000000000
00000000000000000
00000000000000000
00000000000000000
00000000000000000
1000D000DFE400000
1001000163A0F7FC3
1000900097FA2ABD5
1414E5F2B00000000
10192C3E6000E000E
13CDFAB6200090009
10010001300000000
1000E000E3F8233BE
1000000007F8317FD
10000000000000000
14000000000000000
10000000000000000
10000000000000000
10000000040000000
10000000000000000
14000000000000000
10000000000000000
14000000000000000
10000000000000000
10000000000000000
10000000000000000
10000000000000000
10000000000000000
10000000000000000
10000000000000000
10000000000000000
10000000000000000
10000000000000000
10000000000000000
10000000000000000
10000000000000000
10000000000000000
10000000000000000
10000000000000000
10000000000000000
10000000000000000
10008000800000000
1000F000F3EEF637D
1001000133EC2C3E9
1424FE7C000000000
13F7303B6000D000D
14760FF6F00090009
10008000800000000
10000000002C183EC
10000000040000000
10000000000000000
10000000000000000
10000000000000000
10000000000000000
10000000000000000
10000000040000000
10000000000000000
14000000000000000
10000000000000000
1000C000CF8800000
1000900093EA0C81B
1000A000A3E2D7C76
13E6244B900000000
17E0E0FF400120027
1032E443B000A000A
1002700EE00000000
1000D000D3DBE607C
1001B007E3E0F0022
13E0E847C00000000
14000000000000000
10000000000000000
10000000000000000
10000000040000000
10000000000000000
14000000000000000
10000000000000000
14000000000000000
10000000000000000
10000000000000000
10000000000000000
10000000000000000
10000000000000000
10000000000000000
10000000000000000
10000000000000000
10000000000000000
10000000000000000
10000000000000000
10000000000000000
10000000000000000
10000000000000000
10000000000000000
10000000000000000
10000000000000000
10000000000000000
