10000001603000000
10000001800019B30
10000001E000E9F6C
1000173C100000000
1000D2C1F000A0025
10001384900250052
10006000F00000000
100000000001D74B0
10000000000000000
10000000000000000
10000000000000000
10000000000000000
10000000000000000
10000000000000000
10000000000000000
10000000000000000
10000000000000000
10000000000000000
10000000000000000
10000000000000000
10000000000000000
10000000000000000
10000000000000000
10000000000000000
10000000000000000
10000000000000000
10000000000000000
10000000000000000
10000000000000000
10000000000000000
10000000000000000
10000000000000000
10000000000000000
10000000000000000
10000000000000000
10000000000000000
10000001400000000
100000019000F9739
10000000B00005793
1000253C100000000
1000FE4150000000D
10001C8560004001A
10000001600000000
100000000000EF0B4
10000000000000000
10000000000000000
10000000000000000
10000000000000000
10000000000000000
10000000000000000
10000000000000000
10000000000000000
10000000000000000
10000000000000000
10006000F03000000
100280062001D0717
1002E00A10003136B
1000EABCF00000000
10010545C000B001C
1000FB09300000013
10000001500000000
10000000000025CC8
10000000000000000
10000000000000000
10000000000000000
10000000000000000
10000000000000000
10000000000000000
10000000000000000
10000000000000000
10000000000000000
10000000000000000
10000000000000000
10000000000000000
10000000000000000
10000000000000000
10000000000000000
10000000000000000
10000000000000000
10000000000000000
10000000000000000
10000000000000000
10000000000000000
10000000000000000
10000000000000000
10000000000000000
10000000000000000
10000000000000000
10000000000000000
10000000000000000
10000000F00000000
1000000220001E32D
100060010000E5B5E
1001FE7CF00000000
1000E205C00000011
10002C4A200000009
10000001100000000
100000000000F00D2
10000000000000000
10000000000000000
10000000000000000
10000000000000000
10000000000000000
10000000000000000
10000000000000000
10000000000000000
10000000000000000
10000000000000000
