0000000000000000
0000000000000000
0000000000000000
0000000000000000
0000000000000000
0000000000000000
0000000000000000
0000000000000000
0000000000000000
0000000000000000
0000000000000000
0000000000000000
0000000000000000
0000000000000000
0000000000000000
0000000000000000
0000000000000000
0000000000000000
000D000DFE400000
001000163A0F7FC3
000900097FA2ABD5
414E5F2B00000000
0192C3E6000E000E
3CDFAB6200090009
0010001300000000
000E000E3F8233BE
000000007F8317FD
0000000000000000
4000000000000000
0000000000000000
0000000000000000
0000000040000000
0000000000000000
4000000000000000
0000000000000000
4000000000000000
0000000000000000
0000000000000000
0000000000000000
0000000000000000
0000000000000000
0000000000000000
0000000000000000
0000000000000000
0000000000000000
0000000000000000
0000000000000000
0000000000000000
0000000000000000
0000000000000000
0000000000000000
0000000000000000
0000000000000000
0000000000000000
0008000800000000
000F000F3EEF637D
001000133EC2C3E9
424FE7C000000000
3F7303B6000D000D
4760FF6F00090009
0008000800000000
0000000002C183EC
0000000040000000
0000000000000000
0000000000000000
0000000000000000
0000000000000000
0000000000000000
0000000040000000
0000000000000000
4000000000000000
0000000000000000
000C000CF8800000
000900093EA0C81B
000A000A3E2D7C76
3E6244B900000000
7E0E0FF400120027
032E443B000A000A
002700EE00000000
000D000D3DBE607C
001B007E3E0F0022
3E0E847C00000000
4000000000000000
0000000000000000
0000000000000000
0000000040000000
0000000000000000
4000000000000000
0000000000000000
4000000000000000
0000000000000000
0000000000000000
0000000000000000
0000000000000000
0000000000000000
0000000000000000
0000000000000000
0000000000000000
0000000000000000
0000000000000000
0000000000000000
0000000000000000
0000000000000000
0000000000000000
0000000000000000
0000000000000000
