0000000000000000
0000000000000000
0000000000000000
0000000000000000
0000000000000000
0000000000000000
0000000000000000
0000000000000000
0000000000000000
0000000000000000
0000000000000000
0000000000000000
0000000000000000
0000000000000000
0000000000000000
0000000000000000
0000000000000000
0000000000000000
00000000FE400000
0000000000000000
0000000000000000
0000000000000000
0000000000000000
0000000000000000
0000000000000000
0000000000000000
0000000000000000
0000000000000000
0000000000000000
0000000000000000
0000000000000000
0000000000000000
0000000000000000
0000000000000000
0000000000000000
0000000000000000
000B000B00000000
0008000840912BE3
00110024001CE09B
3F7233B900000000
3CFFB3CD000F000F
3F31CFC200140037
000A000A00000000
000000003D6127C9
0000000000000000
0000000000000000
0000000000000000
4000000000000000
0000000000000000
0000000000000000
0000000040000000
0000000000000000
4000000000000000
0000000000000000
0000000000000000
0000000000000000
0000000000000000
0000000000000000
0000000000000000
0000000000000000
0000000000000000
0000000000000000
0000000000000000
0000000000000000
0000000000000000
0000000000000000
0000000000000000
0000000000000000
0000000000000000
0000000000000000
0000000000000000
0000000000000000
00000000F8800000
0000000000000000
0000000000000000
0000000000000000
0000000000000000
0000000000000000
0000000000000000
0000000000000000
0000000000000000
0000000000000000
0000000000000000
0000000000000000
0000000000000000
0000000000000000
0000000000000000
0000000000000000
0000000000000000
0000000000000000
0014003900000000
000A000A7E5E5FF9
000F00103E50B08C
3DFCEF8E00000000
3D3F503100080008
7E7E282A000B000B
000D000D00000000
001100233DEEF813
000000003E2E447A
0000000000000000
0000000000000000
4000000000000000
0000000000000000
0000000000000000
0000000040000000
0000000000000000
