0012002603000000
000B000B4092A093
001200273F723315
40AE000800000000
4290EFFF000A000A
409E8FFF00110020
0000000000000000
0000000000000000
0000000000000000
4000000000000000
0000000000000000
0000000000000000
0000000000000000
0000000000000000
0000000040000000
0000000000000000
0000000000000000
0000000000000000
0000000000000000
0000000000000000
0000000000000000
0000000000000000
0000000000000000
0000000000000000
0000000000000000
0000000000000000
0000000000000000
0000000000000000
0000000000000000
0000000000000000
0000000000000000
0000000000000000
0000000000000000
0000000000000000
0000000000000000
0000000000000000
000F000F00000000
000B000B0B9CDF56
000900093F428B49
3F7DDFC300000000
3BA24B9600090009
40CE500D00120026
0000000000000000
0000000000000000
0000000040000000
0000000000000000
4000000000000000
0000000000000000
0000000000000000
0000000000000000
0000000000000000
4000000000000000
0000000000000000
4000000000000000
000D000D03000000
000800083AC20756
00090009420D1750
003E37CB00000000
01D13492000D000D
00A2EB6300100015
0010001600000000
0000000000D00C97
0000000000000000
4000000000000000
0000000000000000
0000000000000000
0000000000000000
0000000000000000
0000000040000000
0000000000000000
0000000000000000
0000000000000000
0000000000000000
0000000000000000
0000000000000000
0000000000000000
0000000000000000
0000000000000000
0000000000000000
0000000000000000
0000000000000000
0000000000000000
0000000000000000
0000000000000000
0000000000000000
0000000000000000
0000000000000000
0000000000000000
0000000000000000
0000000000000000
000B000B00000000
000900093DA17F9A
000900093E0D8814
776F889600000000
415158C10011001F
4D52A8AA000B000B
0010001600000000
0000000040D10886
0000000040000000
0000000000000000
4000000000000000
0000000000000000
0000000000000000
0000000000000000
0000000000000000
4000000000000000
