0000000000000000
0000000000000000
0000000000000000
0000000000000000
0000000000000000
0000000000000000
0000000000000000
0000000000000000
0000000000000000
0000000000000000
0000000000000000
0000000000000000
0000000000000000
0000000000000000
0000000000000000
0000000000000000
0000000000000000
0000000000000000
0000000000000000
0000000000000000
0000000000000000
0000000000000000
0000000000000000
0000000000000000
0000000000000000
0000000000000000
0000000000000000
0000000000000000
0000000000000000
0000000000000000
0000000000000000
0000000000000000
0000000000000000
0000000000000000
0000000000000000
0000000000000000
000D000DE7800000
000C000C7C308445
000B000B02FDFBDC
3F5000C600000000
4411A7BE000F000F
3F40039900080008
0000000000000000
0000000000000000
0000000040000000
0000000000000000
4000000000000000
0000000000000000
0000000000000000
0000000040000000
0000000000000000
4000000000000000
0000000000000000
4000000000000000
0000000000000000
0000000000000000
0000000000000000
0000000000000000
0000000000000000
0000000000000000
0000000000000000
0000000000000000
0000000000000000
0000000000000000
0000000000000000
0000000000000000
0000000000000000
0000000000000000
0000000000000000
0000000000000000
0000000000000000
0000000000000000
0011001C00000000
000C000C03E1C38F
0009000902DF9BBC
044D934A00000000
43C207C100130032
3FB00BDE00080008
0000000000000000
0000000000000000
0000000040000000
0000000000000000
0000000000000000
0000000000000000
0000000000000000
0000000000000000
0000000040000000
0000000000000000
4000000000000000
0000000000000000
00090009DF000000
0011001C015F7F60
000B000B41C3144C
0652046200000000
03D058F1000A000A
3F323CCE00090009
0009000900000000
00000000067DD4BB
0000000000000000
0000000000000000
4000000000000000
0000000000000000
0000000000000000
0000000040000000
0000000000000000
4000000000000000
