000E002303000000
00060010001ECB50
0000001000125396
000F3FDD00000000
0001A84500040016
0002FC9200000018
0000002200000000
00000000000E0CCC
0000000000000000
0000000000000000
0000000000000000
0000000000000000
0000000000000000
0000000000000000
0000000000000000
0000000000000000
0000000000000000
0000000000000000
0000000000000000
0000000000000000
0000000000000000
0000000000000000
0000000000000000
0000000000000000
0000000000000000
0000000000000000
0000000000000000
0000000000000000
0000000000000000
0000000000000000
0000000000000000
0000000000000000
0000000000000000
0000000000000000
0000000000000000
0000000000000000
0000000C00000000
0000000C00017358
00000034000DA7A7
000DF40800000000
0012C43F0005000E
000278960020004D
0000000A00000000
00000000000138DA
0000000000000000
0000000000000000
0000000000000000
0000000000000000
0000000000000000
0000000000000000
0000000000000000
0000000000000000
0000000000000000
0000000000000000
000C002B03000000
00000019000E5B34
000A00250001E36C
000CE01000000000
0010EC86001E003F
000DFCB30000001E
0000001800000000
000000000002CCD3
0000000000000000
0000000000000000
0000000000000000
0000000000000000
0000000000000000
0000000000000000
0000000000000000
0000000000000000
0000000000000000
0000000000000000
0000000000000000
0000000000000000
0000000000000000
0000000000000000
0000000000000000
0000000000000000
0000000000000000
0000000000000000
0000000000000000
0000000000000000
0000000000000000
0000000000000000
0000000000000000
0000000000000000
0000000000000000
0000000000000000
0000000000000000
0000000000000000
0000001400000000
000C0020000D6B53
00000015001E2388
000EA81000000000
001D7486000A0019
000FD0B00000002A
0000000D00000000
00000000000E40DA
0000000000000000
0000000000000000
0000000000000000
0000000000000000
0000000000000000
0000000000000000
0000000000000000
0000000000000000
