10012002603000000
1000B000B4092A093
1001200273F723315
140AE000800000000
14290EFFF000A000A
1409E8FFF00110020
10000000000000000
10000000000000000
10000000000000000
14000000000000000
10000000000000000
10000000000000000
10000000000000000
10000000000000000
10000000040000000
10000000000000000
10000000000000000
10000000000000000
10000000000000000
10000000000000000
10000000000000000
10000000000000000
10000000000000000
10000000000000000
10000000000000000
10000000000000000
10000000000000000
10000000000000000
10000000000000000
10000000000000000
10000000000000000
10000000000000000
10000000000000000
10000000000000000
10000000000000000
10000000000000000
1000F000F00000000
1000B000B0B9CDF56
1000900093F428B49
13F7DDFC300000000
13BA24B9600090009
140CE500D00120026
10000000000000000
10000000000000000
10000000040000000
10000000000000000
14000000000000000
10000000000000000
10000000000000000
10000000000000000
10000000000000000
14000000000000000
10000000000000000
14000000000000000
1000D000D03000000
1000800083AC20756
100090009420D1750
1003E37CB00000000
101D13492000D000D
100A2EB6300100015
10010001600000000
10000000000D00C97
10000000000000000
14000000000000000
10000000000000000
10000000000000000
10000000000000000
10000000000000000
10000000040000000
10000000000000000
10000000000000000
10000000000000000
10000000000000000
10000000000000000
10000000000000000
10000000000000000
10000000000000000
10000000000000000
10000000000000000
10000000000000000
10000000000000000
10000000000000000
10000000000000000
10000000000000000
10000000000000000
10000000000000000
10000000000000000
10000000000000000
10000000000000000
10000000000000000
1000B000B00000000
1000900093DA17F9A
1000900093E0D8814
1776F889600000000
1415158C10011001F
14D52A8AA000B000B
10010001600000000
10000000040D10886
10000000040000000
10000000000000000
14000000000000000
10000000000000000
10000000000000000
10000000000000000
10000000000000000
14000000000000000
10000000000000000
14000000000000000
