1000A000A03000000
1000A000A3B8164DB
1000A000A025D9C3C
1017E532900000000
13C0E6CCF00090009
13A5D8F4A000A000A
1000B000B00000000
100000000020F5C1E
10000000000000000
10000000000000000
14000000000000000
10000000000000000
10000000000000000
10000000040000000
10000000000000000
14000000000000000
10000000000000000
14000000000000000
10000000000000000
10000000000000000
10000000000000000
10000000000000000
10000000000000000
10000000000000000
10000000000000000
10000000000000000
10000000000000000
10000000000000000
10000000000000000
10000000000000000
10000000000000000
10000000000000000
10000000000000000
10000000000000000
10000000000000000
10000000000000000
1000A000A00000000
1000C000C7AE2BF8E
1000A000A3B2FB82B
100AE181C00000000
1007FA4A7000D000D
1008D70AF00100013
10000000000000000
10000000000000000
10000000040000000
10000000000000000
10000000000000000
10000000000000000
10000000000000000
10000000000000000
10000000040000000
10000000000000000
14000000000000000
10000000000000000
10016004B03000000
1000B000B2E708458
1000F000F00B23F67
1000E0FF100000000
102202B8F000F0011
142A188D400090009
10012002600000000
1000F000F00EEA3CA
10000000000BDDBC7
10000000000000000
14000000000000000
10000000000000000
10000000000000000
10000000040000000
10000000000000000
14000000000000000
10000000000000000
14000000000000000
10000000000000000
10000000000000000
10000000000000000
10000000000000000
10000000000000000
10000000000000000
10000000000000000
10000000000000000
10000000000000000
10000000000000000
10000000000000000
10000000000000000
10000000000000000
10000000000000000
10000000000000000
10000000000000000
10000000000000000
10000000000000000
1000E000E00000000
1000C000C009FE894
10017005440C23F6C
1095D8FCC00000000
13E60EC23000E000E
105B237A0000D000D
1000C000C00000000
1000B000B44DE9401
1000000003DEEF7D1
10000000000000000
10000000000000000
10000000000000000
10000000000000000
10000000000000000
10000000040000000
10000000000000000
14000000000000000
10000000000000000
