00000000000000000
00000000000000000
00000000000000000
00000000000000000
00000000000000000
00000000000000000
00000000000000000
00000000000000000
00000000000000000
00000000000000000
00000000000000000
00000000000000000
00000000000000000
00000000000000000
00000000000000000
00000000000000000
00000000000000000
00000000000000000
00000000000000000
00000000000000000
00000000000000000
00000000000000000
00000000000000000
00000000000000000
00000000000000000
00000000000000000
00000000000000000
00000000000000000
00000000000000000
00000000000000000
00000000000000000
00000000000000000
00000000000000000
00000000000000000
00000000000000000
00000000000000000
1000B000BE7800000
1000E000E04130F94
1000B000B3A603C8C
17F9F547100000000
13C1D7FF700090009
10401DFA0000C000C
10000000000000000
10000000000000000
10000000000000000
14000000000000000
10000000000000000
10000000000000000
10000000000000000
10000000000000000
10000000040000000
10000000000000000
10000000000000000
10000000000000000
10000000000000000
10000000000000000
10000000000000000
10000000000000000
10000000000000000
10000000000000000
10000000000000000
10000000000000000
10000000000000000
10000000000000000
10000000000000000
10000000000000000
10000000000000000
10000000000000000
10000000000000000
10000000000000000
10000000000000000
10000000000000000
10010001600000000
1000C000C04A1DBD2
1000D000D3C81FCDE
13FAEF7F900000000
13A0D647C00090009
13A100066000F0011
10000000000000000
10000000000000000
10000000040000000
10000000000000000
14000000000000000
10000000000000000
10000000000000000
10000000000000000
10000000000000000
14000000000000000
10000000000000000
14000000000000000
100080008DF000000
10009000905A0E82C
100090009024F1395
177DCF39700000000
13E41C4C300080008
13C1CF4B3000A000A
10000000000000000
10000000000000000
10000000000000000
14000000000000000
10000000000000000
10000000000000000
10000000000000000
10000000000000000
10000000040000000
10000000000000000
10000000000000000
10000000000000000
