0000000000000000
0000000000000000
0000000000000000
0000000000000000
0000000000000000
0000000000000000
0000000000000000
0000000000000000
0000000000000000
0000000000000000
0000000000000000
0000000000000000
0000000000000000
0000000000000000
0000000000000000
0000000000000000
0000000000000000
0000000000000000
00000000FE400000
0000000000000000
0000000000000000
0000000000000000
0000000000000000
0000000000000000
0000000000000000
0000000000000000
0000000000000000
0000000000000000
0000000000000000
0000000000000000
0000000000000000
0000000000000000
0000000000000000
0000000000000000
0000000000000000
0000000000000000
0009000900000000
000F000F3AD1C4EC
000A000A3EC2BFE9
02611FCC00000000
3F62E00E00100013
4250EBE2000E000E
0009000900000000
000000003D02B368
0000000000000000
0000000000000000
4000000000000000
0000000000000000
0000000000000000
0000000040000000
0000000000000000
4000000000000000
0000000000000000
0000000000000000
0000000000000000
0000000000000000
0000000000000000
0000000000000000
0000000000000000
0000000000000000
0000000000000000
0000000000000000
0000000000000000
0000000000000000
0000000000000000
0000000000000000
0000000000000000
0000000000000000
0000000000000000
0000000000000000
0000000000000000
0000000000000000
00000000F8800000
0000000000000000
0000000000000000
0000000000000000
0000000000000000
0000000000000000
0000000000000000
0000000000000000
0000000000000000
0000000000000000
0000000000000000
0000000000000000
0000000000000000
0000000000000000
0000000000000000
0000000000000000
0000000000000000
0000000000000000
000F001000000000
000B000B7DB2CCCA
000A000A3FDDF07B
3F61AB1400000000
7E1EA87B00120026
007044AF000A000A
000E000E00000000
000B000B3EADE881
000B000B3E2CEB8A
41BFB3F700000000
4000000000000000
0000000000000000
0000000000000000
0000000040000000
0000000000000000
4000000000000000
