00000000000000000
00000000000000000
00000000000000000
00000000000000000
00000000000000000
00000000000000000
00000000000000000
00000000000000000
00000000000000000
00000000000000000
00000000000000000
00000000000000000
00000000000000000
00000000000000000
00000000000000000
00000000000000000
00000000000000000
00000000000000000
1000B000BFE400000
1000B000B04212750
1000A000A0871A4EA
102220BCC00000000
1328CF40E00080008
10290D834000B000B
10012002500000000
1000000003F6223BB
10000000000000000
14000000000000000
10000000000000000
10000000000000000
10000000000000000
10000000000000000
10000000040000000
10000000000000000
10000000000000000
10000000000000000
10000000000000000
10000000000000000
10000000000000000
10000000000000000
10000000000000000
10000000000000000
10000000000000000
10000000000000000
10000000000000000
10000000000000000
10000000000000000
10000000000000000
10000000000000000
10000000000000000
10000000000000000
10000000000000000
10000000000000000
10000000000000000
10010001700000000
1000800083F9197AE
1000D000D3D3003BE
13F1173CB00000000
1033F5746000E000E
102422BBA00100016
1000F001000000000
1000000003652BFDE
10000000040000000
10000000000000000
14000000000000000
10000000000000000
10000000000000000
10000000000000000
10000000000000000
14000000000000000
10000000000000000
14000000000000000
1000B000BF8800000
1000C000C0102F029
1000A000A01D013ED
10212742800000000
13FBE6C78002200B9
13BEFD45300090009
1000B000B00000000
1000900093D5EE87E
1000000003E0D2FEE
14000000000000000
10000000000000000
10000000000000000
10000000000000000
10000000000000000
10000000040000000
10000000000000000
10000000000000000
10000000000000000
10000000000000000
10000000000000000
10000000000000000
10000000000000000
10000000000000000
10000000000000000
10000000000000000
10000000000000000
10000000000000000
10000000000000000
10000000000000000
10000000000000000
10000000000000000
10000000000000000
10000000000000000
10000000000000000
10000000000000000
10000000000000000
