00000000000000000
00000000000000000
00000000000000000
00000000000000000
00000000000000000
00000000000000000
00000000000000000
00000000000000000
00000000000000000
00000000000000000
00000000000000000
00000000000000000
00000000000000000
00000000000000000
00000000000000000
00000000000000000
00000000000000000
00000000000000000
00000000000000000
00000000000000000
00000000000000000
00000000000000000
00000000000000000
00000000000000000
00000000000000000
00000000000000000
00000000000000000
00000000000000000
00000000000000000
00000000000000000
00000000000000000
00000000000000000
00000000000000000
00000000000000000
00000000000000000
00000000000000000
1000D000DE7800000
1000C000C7C308445
1000B000B02FDFBDC
13F5000C600000000
14411A7BE000F000F
13F40039900080008
10000000000000000
10000000000000000
10000000040000000
10000000000000000
14000000000000000
10000000000000000
10000000000000000
10000000040000000
10000000000000000
14000000000000000
10000000000000000
14000000000000000
10000000000000000
10000000000000000
10000000000000000
10000000000000000
10000000000000000
10000000000000000
10000000000000000
10000000000000000
10000000000000000
10000000000000000
10000000000000000
10000000000000000
10000000000000000
10000000000000000
10000000000000000
10000000000000000
10000000000000000
10000000000000000
10011001C00000000
1000C000C03E1C38F
10009000902DF9BBC
1044D934A00000000
143C207C100130032
13FB00BDE00080008
10000000000000000
10000000000000000
10000000040000000
10000000000000000
10000000000000000
10000000000000000
10000000000000000
10000000000000000
10000000040000000
10000000000000000
14000000000000000
10000000000000000
100090009DF000000
10011001C015F7F60
1000B000B41C3144C
10652046200000000
103D058F1000A000A
13F323CCE00090009
10009000900000000
100000000067DD4BB
10000000000000000
10000000000000000
14000000000000000
10000000000000000
10000000000000000
10000000040000000
10000000000000000
14000000000000000
10000000000000000
14000000000000000
