00000000000000000
00000000000000000
00000000000000000
00000000000000000
00000000000000000
00000000000000000
00000000000000000
00000000000000000
00000000000000000
00000000000000000
00000000000000000
00000000000000000
00000000000000000
00000000000000000
00000000000000000
00000000000000000
00000000000000000
00000000000000000
100000000FE400000
10000000000000000
10000000000000000
10000000000000000
10000000000000000
10000000000000000
10000000000000000
10000000000000000
10000000000000000
10000000000000000
10000000000000000
10000000000000000
10000000000000000
10000000000000000
10000000000000000
10000000000000000
10000000000000000
10000000000000000
1000B000B00000000
10008000840912BE3
100110024001CE09B
13F7233B900000000
13CFFB3CD000F000F
13F31CFC200140037
1000A000A00000000
1000000003D6127C9
10000000000000000
10000000000000000
10000000000000000
14000000000000000
10000000000000000
10000000000000000
10000000040000000
10000000000000000
14000000000000000
10000000000000000
10000000000000000
10000000000000000
10000000000000000
10000000000000000
10000000000000000
10000000000000000
10000000000000000
10000000000000000
10000000000000000
10000000000000000
10000000000000000
10000000000000000
10000000000000000
10000000000000000
10000000000000000
10000000000000000
10000000000000000
10000000000000000
100000000F8800000
10000000000000000
10000000000000000
10000000000000000
10000000000000000
10000000000000000
10000000000000000
10000000000000000
10000000000000000
10000000000000000
10000000000000000
10000000000000000
10000000000000000
10000000000000000
10000000000000000
10000000000000000
10000000000000000
10000000000000000
10014003900000000
1000A000A7E5E5FF9
1000F00103E50B08C
13DFCEF8E00000000
13D3F503100080008
17E7E282A000B000B
1000D000D00000000
1001100233DEEF813
1000000003E2E447A
10000000000000000
10000000000000000
14000000000000000
10000000000000000
10000000000000000
10000000040000000
10000000000000000
14000000000000000
10000000000000000
