10000000003000000
10000000000000000
10000000000000000
10000000000000000
10000000000000000
10000000000000000
10000000000000000
10000000000000000
10000000000000000
10000000000000000
10000000000000000
10000000000000000
10000000000000000
10000000000000000
10000000000000000
10000000000000000
10000000000000000
10000000000000000
1000A000A00000000
1000800083D1D979B
100150046029DEFC0
1409E880C00000000
10082845900090009
1024EE0A5000F0010
10000000000000000
10000000040000000
10000000000000000
10000000000000000
10000000000000000
14000000000000000
10000000000000000
10000000000000000
10000000040000000
10000000000000000
14000000000000000
10000000000000000
10000000000000000
10000000000000000
10000000000000000
10000000000000000
10000000000000000
10000000000000000
10000000000000000
10000000000000000
10000000000000000
10000000000000000
10000000000000000
10000000000000000
10000000000000000
10000000000000000
10000000000000000
10000000000000000
10000000000000000
10000000000000000
10000000003000000
10000000000000000
10000000000000000
10000000000000000
10000000000000000
10000000000000000
10000000000000000
10000000000000000
10000000000000000
10000000000000000
10000000000000000
10000000000000000
10000000000000000
10000000000000000
10000000000000000
10000000000000000
10000000000000000
10000000000000000
1000D000D00000000
1000900093D91F3E9
1000A000A00BD6C7A
1003FFB5C00000000
100B1E38100090009
140AEABCA00130035
1000C000C00000000
100000000025E0FAD
10000000000000000
10000000000000000
10000000000000000
14000000000000000
10000000000000000
10000000000000000
10000000040000000
10000000000000000
14000000000000000
10000000000000000
10000000000000000
10000000000000000
10000000000000000
10000000000000000
10000000000000000
10000000000000000
10000000000000000
10000000000000000
10000000000000000
10000000000000000
10000000000000000
10000000000000000
10000000000000000
10000000000000000
10000000000000000
10000000000000000
10000000000000000
10000000000000000
