00000000000000000
00000000000000000
00000000000000000
00000000000000000
00000000000000000
00000000000000000
00000000000000000
00000000000000000
00000000000000000
00000000000000000
00000000000000000
00000000000000000
00000000000000000
00000000000000000
00000000000000000
00000000000000000
00000000000000000
00000000000000000
00000000000000000
00000000000000000
00000000000000000
00000000000000000
00000000000000000
00000000000000000
00000000000000000
00000000000000000
00000000000000000
00000000000000000
00000000000000000
00000000000000000
00000000000000000
00000000000000000
00000000000000000
00000000000000000
00000000000000000
00000000000000000
100000015E7800000
10000000B000D3F53
10000000F000F3F96
1000D77F900000000
1000E202B0005001C
10001008900000018
10000001100000000
100000000000F74DA
10000000000000000
10000000000000000
10000000000000000
10000000000000000
10000000000000000
10000000000000000
10000000000000000
10000000000000000
10000000000000000
10000000000000000
10000000000000000
10000000000000000
10000000000000000
10000000000000000
10000000000000000
10000000000000000
10000000000000000
10000000000000000
10000000000000000
10000000000000000
10000000000000000
10000000000000000
10000000000000000
10000000000000000
10000000000000000
10000000000000000
10000000000000000
10000000000000000
10000001300000000
10000000D00031B65
10006001B0000C7B2
1000EEBF100000000
1000FC03800090036
1000D907F0000000B
1000E002300000000
1000000000011E0E9
10000000000000000
10000000000000000
10000000000000000
10000000000000000
10000000000000000
10000000000000000
10000000000000000
10000000000000000
10000000000000000
10000000000000000
1000C0043DF000000
10000000E00021329
10000000C000ECBC1
100001C6A00000000
10000000000000000
10000000000000000
10000000000000000
10000000000000000
10000000000000000
10000000000000000
10000000000000000
10000000000000000
10000000000000000
10000000000000000
10000000000000000
10000000000000000
10000000000000000
10000000000000000
