00000000000000000
00000000000000000
00000000000000000
00000000000000000
00000000000000000
00000000000000000
00000000000000000
00000000000000000
00000000000000000
00000000000000000
00000000000000000
00000000000000000
00000000000000000
00000000000000000
00000000000000000
00000000000000000
00000000000000000
00000000000000000
10000000000000000
10000000000000000
10000000000000000
10000000000000000
10000000000000000
10000000000000000
10000000000000000
10000000000000000
10000000000000000
10000000000000000
10000000000000000
10000000000000000
10000000000000000
10000000000000000
10000000000000000
10000000000000000
10000000000000000
10000000000000000
10000000000000000
10000000000000000
10000000000000000
10000000000000000
10000000000000000
10000000000000000
10000000000000000
10000000000000000
10000000000000000
10000000000000000
10000000000000000
10000000000000000
10000000000000000
10000000000000000
10000000000000000
10000000000000000
10000000000000000
10000000000000000
10000000005C00000
10000000000000000
10000000000000000
10000000000000000
10000000000000000
10000000000000000
10000000000000000
10000000000000000
10000000000000000
10000000000000000
10000000000000000
10000000000000000
10000000000000000
10000000000000000
10000000000000000
10000000000000000
10000000000000000
10000000000000000
10000000000000000
10000000000000000
10000000000000000
10000000000000000
10000000000000000
10000000000000000
1000C004D00000000
10013002A000D7F05
10014002B001EC34D
1001613CA00000000
10000000000000000
10000000000000000
10000000000000000
10000000000000000
10000000000000000
10000000000000000
10000000000000000
10000000000000000
10000000000000000
10000000000000000
10000000000000000
10000000000000000
10000000000000000
10000000000000000
10000000000000000
10000000000000000
10000000000000000
10000000000000000
10000000000000000
10000000000000000
10000000000000000
10000000000000000
10000000000000000
10000000000000000
10000000000000000
10000000000000000
