10000000003000000
10000000000000000
10000000000000000
10000000000000000
10000000000000000
10000000000000000
10000000000000000
10000000000000000
10000000000000000
10000000000000000
10000000000000000
10000000000000000
10000000000000000
10000000000000000
10000000000000000
10000000000000000
10000000000000000
10000000000000000
1000A000A00000000
1000900093CF19FFC
1000B000B40CF8B6B
136FD47EA00000000
1029FFCA2000D000D
100FCF8CF00090009
10000000000000000
10000000000000000
10000000000000000
10000000000000000
14000000000000000
10000000000000000
10000000000000000
10000000040000000
10000000000000000
14000000000000000
10000000000000000
10000000000000000
10000000000000000
10000000000000000
10000000000000000
10000000000000000
10000000000000000
10000000000000000
10000000000000000
10000000000000000
10000000000000000
10000000000000000
10000000000000000
10000000000000000
10000000000000000
10000000000000000
10000000000000000
10000000000000000
10000000000000000
10000000000000000
10000000003000000
10000000000000000
10000000000000000
10000000000000000
10000000000000000
10000000000000000
10000000000000000
10000000000000000
10000000000000000
10000000000000000
10000000000000000
10000000000000000
10000000000000000
10000000000000000
10000000000000000
10000000000000000
10000000000000000
10000000000000000
1000F000F00000000
1000A000A00B0609C
1000800080062637D
104CEEB6E00000000
100A15C68000B000B
100C2CB59000F0011
1000A000A00000000
1000B000B463F24CE
1000000003A7F58CA
10000000000000000
14000000000000000
10000000000000000
10000000000000000
10000000040000000
10000000000000000
14000000000000000
10000000000000000
10000000000000000
10000000000000000
10000000000000000
10000000000000000
10000000000000000
10000000000000000
10000000000000000
10000000000000000
10000000000000000
10000000000000000
10000000000000000
10000000000000000
10000000000000000
10000000000000000
10000000000000000
10000000000000000
10000000000000000
10000000000000000
10000000000000000
