00000000000000000
00000000000000000
00000000000000000
00000000000000000
00000000000000000
00000000000000000
00000000000000000
00000000000000000
00000000000000000
00000000000000000
00000000000000000
00000000000000000
00000000000000000
00000000000000000
00000000000000000
00000000000000000
00000000000000000
00000000000000000
10000000000000000
10000000000000000
10000000000000000
10000000000000000
10000000000000000
10000000000000000
10000000000000000
10000000000000000
10000000000000000
10000000000000000
10000000000000000
10000000000000000
10000000000000000
10000000000000000
10000000000000000
10000000000000000
10000000000000000
10000000000000000
10000000000000000
10000000000000000
10000000000000000
10000000000000000
10000000000000000
10000000000000000
10000000000000000
10000000000000000
10000000000000000
10000000000000000
10000000000000000
10000000000000000
10000000000000000
10000000000000000
10000000000000000
10000000000000000
10000000000000000
10000000000000000
10009000905C00000
1000900097D3A22F2
1000B000B3A253B52
10186C40C00000000
10000000000000000
10000000000000000
10000000000000000
10000000000000000
10000000000000000
10000000000000000
10000000000000000
10000000000000000
10000000000000000
10000000000000000
10000000000000000
10000000000000000
10000000000000000
10000000000000000
10000000000000000
10000000000000000
10000000000000000
10000000000000000
10000000000000000
10000000000000000
10000000000000000
10000000000000000
10000000000000000
10000000000000000
10000000000000000
10000000000000000
10000000000000000
10000000000000000
10000000000000000
10000000000000000
10000000000000000
10000000000000000
10000000000000000
10000000000000000
10000000000000000
10000000000000000
10000000000000000
10000000000000000
10000000000000000
10000000000000000
10000000000000000
10000000000000000
10000000000000000
10000000000000000
10000000000000000
10000000000000000
10000000000000000
10000000000000000
10000000000000000
10000000000000000
