0000000000000000
0000000000000000
0000000000000000
0000000000000000
0000000000000000
0000000000000000
0000000000000000
0000000000000000
0000000000000000
0000000000000000
0000000000000000
0000000000000000
0000000000000000
0000000000000000
0000000000000000
0000000000000000
0000000000000000
0000000000000000
000B000BFE400000
000B000B04212750
000A000A0871A4EA
02220BCC00000000
328CF40E00080008
0290D834000B000B
0012002500000000
000000003F6223BB
0000000000000000
4000000000000000
0000000000000000
0000000000000000
0000000000000000
0000000000000000
0000000040000000
0000000000000000
0000000000000000
0000000000000000
0000000000000000
0000000000000000
0000000000000000
0000000000000000
0000000000000000
0000000000000000
0000000000000000
0000000000000000
0000000000000000
0000000000000000
0000000000000000
0000000000000000
0000000000000000
0000000000000000
0000000000000000
0000000000000000
0000000000000000
0000000000000000
0010001700000000
000800083F9197AE
000D000D3D3003BE
3F1173CB00000000
033F5746000E000E
02422BBA00100016
000F001000000000
000000003652BFDE
0000000040000000
0000000000000000
4000000000000000
0000000000000000
0000000000000000
0000000000000000
0000000000000000
4000000000000000
0000000000000000
4000000000000000
000B000BF8800000
000C000C0102F029
000A000A01D013ED
0212742800000000
3FBE6C78002200B9
3BEFD45300090009
000B000B00000000
000900093D5EE87E
000000003E0D2FEE
4000000000000000
0000000000000000
0000000000000000
0000000000000000
0000000000000000
0000000040000000
0000000000000000
0000000000000000
0000000000000000
0000000000000000
0000000000000000
0000000000000000
0000000000000000
0000000000000000
0000000000000000
0000000000000000
0000000000000000
0000000000000000
0000000000000000
0000000000000000
0000000000000000
0000000000000000
0000000000000000
0000000000000000
0000000000000000
