0000001603000000
0000001800019B30
0000001E000E9F6C
000173C100000000
000D2C1F000A0025
0001384900250052
0006000F00000000
00000000001D74B0
0000000000000000
0000000000000000
0000000000000000
0000000000000000
0000000000000000
0000000000000000
0000000000000000
0000000000000000
0000000000000000
0000000000000000
0000000000000000
0000000000000000
0000000000000000
0000000000000000
0000000000000000
0000000000000000
0000000000000000
0000000000000000
0000000000000000
0000000000000000
0000000000000000
0000000000000000
0000000000000000
0000000000000000
0000000000000000
0000000000000000
0000000000000000
0000000000000000
0000001400000000
00000019000F9739
0000000B00005793
000253C100000000
000FE4150000000D
0001C8560004001A
0000001600000000
00000000000EF0B4
0000000000000000
0000000000000000
0000000000000000
0000000000000000
0000000000000000
0000000000000000
0000000000000000
0000000000000000
0000000000000000
0000000000000000
0006000F03000000
00280062001D0717
002E00A10003136B
000EABCF00000000
0010545C000B001C
000FB09300000013
0000001500000000
0000000000025CC8
0000000000000000
0000000000000000
0000000000000000
0000000000000000
0000000000000000
0000000000000000
0000000000000000
0000000000000000
0000000000000000
0000000000000000
0000000000000000
0000000000000000
0000000000000000
0000000000000000
0000000000000000
0000000000000000
0000000000000000
0000000000000000
0000000000000000
0000000000000000
0000000000000000
0000000000000000
0000000000000000
0000000000000000
0000000000000000
0000000000000000
0000000000000000
0000000000000000
0000000F00000000
000000220001E32D
00060010000E5B5E
001FE7CF00000000
000E205C00000011
0002C4A200000009
0000001100000000
00000000000F00D2
0000000000000000
0000000000000000
0000000000000000
0000000000000000
0000000000000000
0000000000000000
0000000000000000
0000000000000000
